0 0000000000000000 0000000000000000 0008c0a
1 0000000000000000 0000000000000000 000b02a
2 0000000000000000 0000000000000000 0046c2a
3 0000000000000000 0000000000000000 005102a
4 0000000000000000 0000000000000000 0058c2a
5 0000000000000000 0000000000000000 005b028
6 0000000000000000 0000000000000000 0136c2a
7 0000000000000000 0000000000000001 01010aa
8 0000000000000001 0000000000000001 0108ca8
9 0000000000000001 0000000000000001 010b0aa
10 0000000000000001 0000000000000001 0146caa
11 0000000000000001 0000000000000001 01510aa
12 0000000000000001 0000000000000001 0158caa
13 0000000000000001 0000000000000000 000103a
14 0000000000000000 0000000000000000 0008c2a
15 0000000000000000 0000000000000000 000b06a
16 0000000000000000 0000000000000000 0046c2a
17 0000000000000000 0000000000000000 005102a
18 0000000000000000 0000000000000000 0058c2a
19 0000000000000000 0000000000000000 005b02a
20 0000000000000000 0000000000000000 0136c2a
21 0000000000000000 0000000000000001 01010a8
22 0000000000000001 0000000000000001 0108caa
23 0000000000000001 0000000000000001 010b0aa
24 0000000000000001 0000000000000001 0146caa
25 0000000000000001 0000000000000001 01510aa
26 0000000000000001 0000000000000001 0158caa
27 0000000000000001 0000000000000001 015b0aa
28 0000000000000001 0000000000000001 04b6caa
29 0000000000000001 0000000000000002 040112a
30 0000000000000002 0000000000000002 0408d2a
31 0000000000000002 0000000000000002 040b12a
32 0000000000000002 0000000000000002 0446d2a
33 0000000000000002 0000000000000002 045112a
34 0000000000000002 0000000000000002 0458d2a
35 0000000000000002 0000000000000002 045b12a
36 0000000000000002 0000000000000002 0536d2a
37 0000000000000002 0000000000000003 05011aa
38 0000000000000003 0000000000000003 0508daa
39 0000000000000003 0000000000000003 050b1aa
40 0000000000000003 0000000000000003 0546daa
41 0000000000000003 0000000000000003 05511aa
42 0000000000000003 0000000000000003 0558daa
43 0000000000000003 0000000000000003 055b1aa
44 0000000000000003 0000000000000003 12b6daa
45 0000000000000003 0000000000000004 100122a
46 0000000000000004 0000000000000004 1008e2a
47 0000000000000004 0000000000000004 100b22a
48 0000000000000004 0000000000000004 1046e2a
49 0000000000000004 0000000000000004 105122a
50 0000000000000004 0000000000000000 0001054
51 0000000000000000 0000000000000000 0001054
52 0000000000000000 0000000000000000 0001054
53 0000000000000000 0000000000000000 0001054
54 0000000000000000 0000000000000000 0001054
55 0000000000000000 0000000000000000 0001054
56 0000000000000000 0000000000000000 0001054
57 0000000000000000 0000000000000000 0001054
58 0000000000000000 0000000000000000 0001054
59 0000000000000000 0000000000000000 0001054
60 0000000000000000 0000000000000000 0001054
61 0000000000000000 0000000000000000 0001054
62 0000000000000000 0000000000000000 0001054
63 0000000000000000 0000000000000000 0001054
64 0000000000000000 0000000000000000 0001054
65 0000000000000000 0000000000000000 0001054
66 0000000000000000 0000000000000000 0001054
67 0000000000000000 0000000000000000 0001054
68 0000000000000000 0000000000000000 0001054
69 0000000000000000 0000000000000000 0001044
70 0000000000000000 0000000000000000 0001054
71 0000000000000000 0000000000000000 0001054
72 0000000000000000 0000000000000000 0001054
73 0000000000000000 0000000000000000 0001054
74 0000000000000000 0000000000000000 0001054
75 0000000000000000 0000000000000000 0001054
76 0000000000000000 0000000000000000 0001054
77 0000000000000000 0000000000000000 0001054
78 0000000000000000 0000000000000000 0001054
79 0000000000000000 0000000000000000 0001054
80 0000000000000000 0000000000000000 0001054
81 0000000000000000 0000000000000000 0001056
82 0000000000000000 0000000000000000 0001054
83 0000000000000000 0000000000000000 0001054
84 0000000000000000 0000000000000000 0001054
85 0000000000000000 0000000000000000 0001014
86 0000000000000000 0000000000000000 0001054
87 0000000000000000 0000000000000000 0001054
88 0000000000000000 0000000000000000 0001054
89 0000000000000000 0000000000000000 0001054
90 0000000000000000 0000000000000000 0001054
91 0000000000000000 0000000000000000 0001054
92 0000000000000000 0000000000000000 0001054
93 0000000000000000 0000000000000000 0001054
94 0000000000000000 0000000000000000 0001054
95 0000000000000000 0000000000000000 0001054
96 0000000000000000 0000000000000000 0001054
97 0000000000000000 0000000000000000 0001054
98 0000000000000000 0000000000000000 0001054
99 0000000000000000 0000000000000000 0001054
100 0000000000000000 0000000000000000 0001038
101 0000000000000000 0000000000000000 0001020
102 0000000000000000 0000000000000000 0001010
103 0000000000000000 0000000000000000 0001018
104 0000000000000000 0000000000000000 0001000
105 0000000000000000 0000000000000000 0001078
106 0000000000000000 0000000000000000 0001020
107 0000000000000000 0000000000000000 0001018
108 0000000000000000 0000000000000000 0001030
109 0000000000000000 0000000000000000 0001038
110 0000000000000000 0000000000000000 0001030
111 0000000000000000 0000000000000000 0001010
112 0000000000000000 0000000000000000 0001030
113 0000000000000000 0000000000000000 0001010
114 0000000000000000 0000000000000000 0008c28
115 0000000000000000 0000000000000000 0001038
116 0000000000000000 0000000000000000 0008c08
117 0000000000000000 0000000000000000 0001018
118 0000000000000000 0000000000000000 0008c28
119 0000000000000000 0000000000000000 0001010
120 0000000000000000 0000000000000000 0008c08
121 0000000000000000 0000000000000000 0001030
122 0000000000000000 0000000000000000 0001030
123 0000000000000000 0000000000000000 0001018
124 0000000000000000 0000000000000000 0001020
125 0000000000000000 0000000000000000 0001000
126 0000000000000000 0000000000000000 0001030
127 0000000000000000 0000000000000000 0001010
128 0000000000000000 0000000000000000 0001020
129 0000000000000000 0000000000000000 0001020
130 0000000000000000 0000000000000000 0001000
131 0000000000000000 0000000000000000 0008c28
132 0000000000000000 0000000000000000 0001030
133 0000000000000000 0000000000000000 0001030
134 0000000000000000 0000000000000000 0001010
135 0000000000000000 0000000000000000 0008c28
136 0000000000000000 0000000000000000 000b028
137 0000000000000000 0000000000000000 0046c08
138 0000000000000000 0000000000000000 0051048
139 0000000000000000 0000000000000000 0001018
140 0000000000000000 0000000000000000 0001000
141 0000000000000000 0000000000000000 0001018
142 0000000000000000 0000000000000000 0001000
143 0000000000000000 0000000000000000 0001018
144 0000000000000000 0000000000000000 0001000
145 0000000000000000 0000000000000000 0001020
146 0000000000000000 0000000000000000 0008c08
147 0000000000000000 0000000000000000 0008c00
148 0000000000000000 0000000000000000 0001010
149 0000000000000000 0000000000000000 0001038
150 0000000000000000 0000000000000000 0001024
151 0000000000000000 0000000000000000 0001004
152 0000000000000000 0000000000000000 0001004
153 0000000000000000 0000000000000000 0001004
154 0000000000000000 0000000000000000 0001024
155 0000000000000000 0000000000000000 0001024
156 0000000000000000 0000000000000000 0001004
157 0000000000000000 0000000000000000 0001024
158 0000000000000000 0000000000000000 0001004
159 0000000000000000 0000000000000000 0001024
160 0000000000000000 0000000000000000 0001004
161 0000000000000000 0000000000000000 0001004
162 0000000000000000 0000000000000000 0001024
163 0000000000000000 0000000000000000 0001024
164 0000000000000000 0000000000000000 0001024
165 0000000000000000 0000000000000000 0001024
166 0000000000000000 0000000000000000 0001044
167 0000000000000000 0000000000000000 0001024
168 0000000000000000 0000000000000000 0001024
169 0000000000000000 0000000000000000 0001024
170 0000000000000000 0000000000000000 0001004
171 0000000000000000 0000000000000000 0001024
172 0000000000000000 0000000000000000 0001024
173 0000000000000000 0000000000000000 0001004
174 0000000000000000 0000000000000000 0001004
175 0000000000000000 0000000000000000 0001024
176 0000000000000000 0000000000000000 0001004
177 0000000000000000 0000000000000000 0001024
178 0000000000000000 0000000000000000 0001024
179 0000000000000000 0000000000000000 0001024
180 0000000000000000 0000000000000000 0001024
181 0000000000000000 0000000000000000 0001024
182 0000000000000000 0000000000000000 0001004
183 0000000000000000 0000000000000000 0001004
184 0000000000000000 0000000000000000 0001024
185 0000000000000000 0000000000000000 0001024
186 0000000000000000 0000000000000000 0001024
187 0000000000000000 0000000000000000 0001004
188 0000000000000000 0000000000000000 0001004
189 0000000000000000 0000000000000000 0001024
190 0000000000000000 0000000000000000 0001004
191 0000000000000000 0000000000000000 0001004
192 0000000000000000 0000000000000000 0001004
193 0000000000000000 0000000000000000 0001004
194 0000000000000000 0000000000000000 0001004
195 0000000000000000 0000000000000000 0001004
196 0000000000000000 0000000000000000 0001004
197 0000000000000000 0000000000000000 0001024
198 0000000000000000 0000000000000000 0001034
199 0000000000000000 0000000000000000 0001024
200 0000000000000000 0000000000000000 0008c2c
201 0000000000000000 0000000000000000 000b028
202 0000000000000000 0000000000000000 0046c28
203 0000000000000000 0000000000000000 0051028
204 0000000000000000 0000000000000000 0058c28
205 0000000000000000 0000000000000000 005b028
206 0000000000000000 0000000000000000 0136c2c
207 0000000000000000 0000000000000001 01010a8
208 0000000000000001 0000000000000001 0108cac
209 0000000000000001 0000000000000001 010b0ac
210 0000000000000001 0000000000000001 0146ca8
211 0000000000000001 0000000000000001 01510ac
212 0000000000000001 0000000000000001 0158cac
213 0000000000000001 0000000000000001 015b0a8
214 0000000000000001 0000000000000001 04b6ca8
215 0000000000000001 0000000000000002 0401128
216 0000000000000002 0000000000000002 0408d28
217 0000000000000002 0000000000000002 040b12c
218 0000000000000002 0000000000000002 0446d2c
219 0000000000000002 0000000000000002 045112e
220 0000000000000002 0000000000000002 0458d2c
221 0000000000000002 0000000000000002 045b128
222 0000000000000002 0000000000000002 0536d2c
223 0000000000000002 0000000000000003 05011a8
224 0000000000000003 0000000000000003 0508da8
225 0000000000000003 0000000000000003 050b1ac
226 0000000000000003 0000000000000003 0546da8
227 0000000000000003 0000000000000003 05511ac
228 0000000000000003 0000000000000003 0558da8
229 0000000000000003 0000000000000003 055b1ac
230 0000000000000003 0000000000000003 12b6dac
231 0000000000000003 0000000000000004 100122c
232 0000000000000004 0000000000000004 1008e2c
233 0000000000000004 0000000000000004 100b228
234 0000000000000004 0000000000000004 1046e2c
235 0000000000000004 0000000000000004 1051228
236 0000000000000004 0000000000000004 1058e2c
237 0000000000000004 0000000000000004 105b22c
238 0000000000000004 0000000000000004 1136e28
239 0000000000000004 0000000000000005 11012ac
240 0000000000000005 0000000000000005 1108ea8
241 0000000000000005 0000000000000005 110b2ac
242 0000000000000005 0000000000000005 1146eac
243 0000000000000005 0000000000000005 11512a8
244 0000000000000005 0000000000000005 1158ea8
245 0000000000000005 0000000000000005 115b2ac
246 0000000000000005 0000000000000005 14b6eac
247 0000000000000005 0000000000000006 1401328
248 0000000000000006 0000000000000006 1408f2c
249 0000000000000006 0000000000000006 140b328
250 0000000000000006 0000000000000000 000107c
251 0000000000000000 0000000000000000 000107c
252 0000000000000000 0000000000000000 000107c
253 0000000000000000 0000000000000000 000107c
254 0000000000000000 0000000000000000 000107c
255 0000000000000000 0000000000000000 000107c
256 0000000000000000 0000000000000000 000107c
257 0000000000000000 0000000000000000 000107c
258 0000000000000000 0000000000000000 000107c
259 0000000000000000 0000000000000000 000107c
260 0000000000000000 0000000000000000 000107c
261 0000000000000000 0000000000000000 000107c
262 0000000000000000 0000000000000000 000107c
263 0000000000000000 0000000000000000 000107c
264 0000000000000000 0000000000000000 000107c
265 0000000000000000 0000000000000000 000107c
266 0000000000000000 0000000000000000 000107c
267 0000000000000000 0000000000000000 000107c
268 0000000000000000 0000000000000000 000107c
269 0000000000000000 0000000000000000 000107c
270 0000000000000000 0000000000000000 000107c
271 0000000000000000 0000000000000000 000107c
272 0000000000000000 0000000000000000 000107c
273 0000000000000000 0000000000000000 000107c
274 0000000000000000 0000000000000000 000107c
275 0000000000000000 0000000000000000 000107c
276 0000000000000000 0000000000000000 000107c
277 0000000000000000 0000000000000000 000107c
278 0000000000000000 0000000000000000 000107c
279 0000000000000000 0000000000000000 000107c
280 0000000000000000 0000000000000000 000107c
281 0000000000000000 0000000000000000 000107c
282 0000000000000000 0000000000000000 000107c
283 0000000000000000 0000000000000000 000107c
284 0000000000000000 0000000000000000 000107c
285 0000000000000000 0000000000000000 000107c
286 0000000000000000 0000000000000000 000107c
287 0000000000000000 0000000000000000 000107c
288 0000000000000000 0000000000000000 000107c
289 0000000000000000 0000000000000000 000107c
290 0000000000000000 0000000000000000 000107c
291 0000000000000000 0000000000000000 000107c
292 0000000000000000 0000000000000000 000107c
293 0000000000000000 0000000000000000 000107c
294 0000000000000000 0000000000000000 000107c
295 0000000000000000 0000000000000000 000107c
296 0000000000000000 0000000000000000 000107c
297 0000000000000000 0000000000000000 000107c
298 0000000000000000 0000000000000000 000107c
299 0000000000000000 0000000000000000 000107c
