The bits on model.py (a cycle model of the fabric RTL) against the source trace of 02_equivalence.
600/600 samples equal (before and after every edge of 300 cycles).

The first 64 cycles, after each edge:
cycle  SW1..0 BTN3..0  LD2..0 source  LD2..0 model
    0      00    0001            000           000  
    1      00    0001            000           000  
    2      00    0001            000           000  
    3      00    0001            000           000  
    4      00    0001            000           000  
    5      00    0001            000           000  
    6      00    0001            000           000  
    7      00    0001            001           001  
    8      00    0001            001           001  
    9      00    0001            001           001  
   10      00    0001            001           001  
   11      00    0001            001           001  
   12      00    0001            001           001  
   13      00    0011            000           000  
   14      00    0001            000           000  
   15      00    0001            000           000  
   16      00    0001            000           000  
   17      00    0001            000           000  
   18      00    0001            000           000  
   19      00    0001            000           000  
   20      00    0001            000           000  
   21      00    0001            001           001  
   22      00    0001            001           001  
   23      00    0001            001           001  
   24      00    0001            001           001  
   25      00    0001            001           001  
   26      00    0001            001           001  
   27      00    0001            001           001  
   28      00    0001            001           001  
   29      00    0001            010           010  
   30      00    0001            010           010  
   31      00    0001            010           010  
   32      00    0001            010           010  
   33      00    0001            010           010  
   34      00    0001            010           010  
   35      00    0001            010           010  
   36      00    0001            010           010  
   37      00    0001            011           011  
   38      00    0001            011           011  
   39      00    0001            011           011  
   40      00    0001            011           011  
   41      00    0001            011           011  
   42      00    0001            011           011  
   43      00    0001            011           011  
   44      00    0001            011           011  
   45      00    0001            100           100  
   46      00    0001            100           100  
   47      00    0001            100           100  
   48      00    0001            100           100  
   49      00    0001            100           100  
   50      00    0010            000           000  
   51      00    0010            000           000  
   52      00    0010            000           000  
   53      00    0010            000           000  
   54      00    0010            000           000  
   55      00    0010            000           000  
   56      00    0010            000           000  
   57      00    0010            000           000  
   58      00    0010            000           000  
   59      00    0010            000           000  
   60      00    0010            000           000  
   61      00    0010            000           000  
   62      00    0010            000           000  
   63      00    0010            000           000  
